20
20
2
    B           GG  
     AW G  H        
 T        F        U
   M     S U O   GB 
  O  O             O
G  G     B   TM  A  
        T     F  A  
             M      
    T    MF  BUW  A 
   B    A  O     W  
W    F S     O  O   
T       F   S G     
       W S   M    T 
       U S     U  M 
M        S  GF    W 
    S S   W   T     
 A     A   M    U   
               F    
    A           GW  
        U           
72
G 0 0 0 5 1 3
O 10 0 13 10 1 3
G 0 0 17 0 1 2
M 0 0 18 13 1 2
G 0 0 3 5 1 3
G 0 0 12 14 1 3
G 0 0 16 18 1 3
G 0 0 14 11 1 3
G 0 0 16 0 1 3
M 0 0 3 3 1 3
M 0 0 0 14 1 3
M 0 0 9 8 1 3
M 0 0 13 7 1 3
M 0 0 11 16 1 3
M 0 0 13 12 1 3
A 0 0 5 1 1 3
U 0 0 15 13 1 3
U 0 0 19 2 1 3
U 0 0 11 3 1 3
U 0 0 7 13 1 3
U 0 0 14 8 1 3
U 0 0 8 19 1 3
B 99 0 18 3 1 3
B 99 0 3 9 1 3
B 99 0 13 8 1 3
  99 0 1 17 1 3
B 99 0 9 5 1 3
B 99 0 4 0 1 3
A 99 0 18 8 1 3
O 10 0 19 4 1 3
O 10 0 13 3 1 3
O 10 0 16 10 1 3
O 10 0 11 9 1 3
O 10 0 5 4 1 3
A 10 0 8 9 1 3
O 10 0 2 4 1 3
U 0 0 16 16 1 1
G 0 0 8 1 1 1
G 0 0 17 3 1 3
T 2 1 18 12 1 3
T 2 1 8 6 1 3
T 2 1 1 2 1 3
T 2 1 4 8 1 3
T 2 1 13 5 1 3
T 2 1 14 15 1 3
T 2 1 0 11 1 3
A 4 4 7 16 1 3
A 4 4 17 5 1 3
A 4 4 17 6 1 2
A 4 4 4 18 1 3
H 5 4 11 1 1 2 1 0 0
W 9 5 17 18 1 2
W 9 5 7 12 1 2
W 9 5 17 9 1 2
S 4 5 9 13 1 2
S 4 5 12 11 1 2
S 4 5 9 12 1 2
S 4 5 4 15 1 2
S 4 5 9 3 1 2
S 4 5 6 15 1 2
W 9 5 6 1 1 2
W 9 5 18 14 1 2
W 9 5 0 10 1 2
W 9 5 15 8 1 2
W 9 5 10 15 1 2
F 3 7 14 6 1 2
F 3 7 15 17 1 2
F 6 7 10 2 1 2
F 3 7 13 14 1 2
F 3 7 5 10 1 2
S 4 5 9 14 1 0
M 0 0 14 5 1 0

